This is PKtype, Version 2.3 (Web2C 7.5.6)
'METAFONT output 2011.11.25:2115'
Design size = 10485760
Checksum = 1274110073
Resolution: horizontal = 544093  vertical = 544093  (600 dpi)
50:  Flag byte = 160  Character = 65  Packet length = 114
  Dynamic packing variable = 10
  TFM width = 786434  dx = 4063232 
  Height = 60  Width = 55  X-offset = -3  Y-offset = 59
  (26)[2]3(51)[2]5(49)[2]7(47)[2]9(45)[1]2(1)8(43)3(1)9(42)[1]2(3)8(41)3(3)9 
  (40)[1]2(5)8(39)3(5)9(38)[1]2(7)8(37)3(7)9(36)[1]2(9)8(35)3(9)9(34)[1]2(11)8 
  (33)2(12)9(32)[1]2(13)8(31)2(14)9(30)[1]2(15)8(29)2(16)9(28)[1]2(17)8(27)2 
  (18)9(26)[1]29(25)31(24)[1]2(21)8(23)[2]2(23)8(21)[2]2(25)8(19)[1]2(27)8(17) 
  3(27)8(17)3(28)8(15)4(28)8(14)6(27)9(11)10(23)12(6)[2]17(15)23 
164:  Flag byte = 184  Character = 66  Packet length = 120
  Dynamic packing variable = 11
  TFM width = 742744  dx = 3866624 
  Height = 57  Width = 50  X-offset = -3  Y-offset = 56
  35(15)38(12)40(17)10(16)9(16)8(19)8(15)8(20)8(14)8(21)8(13)[1]8(22)8(12)[1]8 
  (23)8(11)[6]8(23)9(10)8(23)8(11)8(22)9(11)8(22)8(12)8(21)8(13)8(20)8(14)8 
  (19)8(15)8(18)8(16)8(16)9(17)[1]30(20)8(17)8(17)8(19)8(15)8(21)7(14)8(22)7 
  (13)8(23)7(12)8(23)8(11)[1]8(24)8(10)8(24)9(9)8(25)8(9)[6]8(25)9(8)8(25)8(9) 
  [1]8(24)9(9)8(23)9(10)8(23)8(11)8(22)9(11)8(21)9(12)8(19)10(12)10(16)11(6)42 
  (8)40(10)37(13) 
284:  Flag byte = 176  Character = 67  Packet length = 128
  Dynamic packing variable = 11
  TFM width = 757307  dx = 3932160 
  Height = 61  Width = 49  X-offset = -5  Y-offset = 58
  (23)10(14)2(20)15(11)3(17)20(9)3(15)10(8)6(6)4(14)8(14)4(4)5(12)8(18)3(2)6 
  (11)8(20)3(1)6(10)7(23)9(9)7(25)8(8)7(27)7(7)8(27)7(6)8(29)6[1](5)8(31)5[1] 
  (4)8(33)4(3)8(34)4(3)8(35)3(2)9(35)3(2)8(36)3[2](1)9(37)2(1)8(38)11[12](41)8 
  (41)[2]9(37)2(2)8(37)2(2)9(36)2(3)8(35)3(3)8(35)2(5)8(34)2(5)8(33)3(6)8(32)3 
  (6)8(32)2(8)8(30)3(9)8(28)3(11)7(28)2(13)7(26)3(14)7(24)3(16)8(21)3(18)8(18) 
  4(21)8(14)5(23)10(9)6(26)21(31)16(36)10(16) 
412:  Flag byte = 184  Character = 68  Packet length = 109
  Dynamic packing variable = 11
  TFM width = 800998  dx = 4128768 
  Height = 57  Width = 54  X-offset = -3  Y-offset = 56
  34(20)37(17)39(22)10(14)10(21)8(18)9(19)8(20)8(18)8(22)7(17)8(23)7(16)8(24)7 
  (15)[1]8(25)7(14)8(26)7(13)8(26)8(12)8(27)7(12)8(27)8(11)8(28)7(11)[2]8(28)8 
  (10)[3]8(29)8(9)[11]8(29)9[3](8)8(29)8(9)[1]8(28)8(10)[1]8(28)7(11)8(27)8 
  (11)8(27)7(12)[1]8(26)7(13)8(25)7(14)8(24)7(15)8(23)7(16)8(22)7(17)8(20)8 
  (18)8(18)9(18)10(15)9(13)40(14)37(17)34(20) 
521:  Flag byte = 200  Character = 69  Packet length = 111
  Dynamic packing variable = 12
  TFM width = 713616  dx = 3735552 
  Height = 57  Width = 51  X-offset = -3  Y-offset = 56
  [2]46(12)10(19)10(13)8(23)7(13)8(25)6(12)8(26)5(12)8(27)4(12)[2]8(28)3(12) 
  [2]8(29)2(12)8(29)3(11)8(30)2(11)[2]8(16)2(12)2(11)[2]8(16)2(25)[1]8(15)3 
  (25)8(14)4(25)8(12)6(25)[2]26(25)8(12)6(25)8(14)4(25)[1]8(15)3(25)[1]8(16)2 
  (25)[2]8(16)2(15)2(8)8(16)2(14)3[3](8)8(32)2(9)[2]8(31)3(9)[1]8(30)3(10)[1]8 
  (29)4(10)8(28)5(10)8(26)7(10)8(25)8(9)10(20)11(3)[2]48(3) 
632:  Flag byte = 184  Character = 70  Packet length = 80
  Dynamic packing variable = 11
  TFM width = 684490  dx = 3538944 
  Height = 57  Width = 47  X-offset = -3  Y-offset = 56
  [2]45(9)10(18)10(10)8(23)6(10)8(24)6(9)8(25)5(9)8(26)4(9)[1]8(27)3(9)[3]8 
  (28)2(9)8(28)3[1](8)8(29)2[1](8)8(15)2(12)2[3](8)8(15)2(22)[1]8(14)3(22)8 
  (13)4(22)8(11)6(22)[2]25(22)8(11)6(22)8(13)4(22)[1]8(14)3(22)[5]8(15)2(22) 
  [12]8(38)11(29)[2]26(21) 
712:  Flag byte = 176  Character = 71  Packet length = 138
  Dynamic packing variable = 11
  TFM width = 822843  dx = 4259840 
  Height = 61  Width = 56  X-offset = -4  Y-offset = 58
  (24)9(15)2(26)16(11)3(24)20(9)3(22)9(9)6(6)4(20)8(15)4(4)5(18)8(18)4(2)6(17) 
  8(21)3(1)6(16)8(23)9(15)8(25)8(14)8(27)7(13)8(28)7(12)8(30)6(11)[1]8(32)5 
  (10)[1]8(34)4(9)8(35)4(9)8(36)3(8)9(36)3(8)8(37)3(7)[3]9(38)2(6)[10]9(47)[1] 
  9(23)24(1)9(22)24(1)9(31)10(6)[1]9(32)8(8)8(32)8(8)9(31)8(9)[1]8(31)8(10)[1] 
  8(30)8(11)[1]8(29)8(12)8(28)8(13)8(27)8(14)8(25)9(15)8(24)9(16)8(22)10(17)8 
  (21)3(1)6(18)9(17)4(3)5(20)9(14)4(5)4(22)10(8)6(7)3(24)20(10)2(26)16(44)9 
  (23) 
850:  Flag byte = 184  Character = 72  Packet length = 36
  Dynamic packing variable = 11
  TFM width = 786434  dx = 4063232 
  Height = 57  Width = 55  X-offset = -3  Y-offset = 56
  [2]24(7)24(7)10(21)10(15)[21]8(23)8(16)[2]39(16)[23]8(23)8(15)10(21)10(7)[2] 
  24(7)24 
886:  Flag byte = 168  Character = 73  Packet length = 20
  Dynamic packing variable = 10
  TFM width = 378653  dx = 1966080 
  Height = 57  Width = 26  X-offset = -2  Y-offset = 56
  78(8)10(17)[48]8(17)10(8)78 
906:  Flag byte = 192  Character = 74  Packet length = 49
  Dynamic packing variable = 12
  TFM width = 538853  dx = 2818048 
  Height = 59  Width = 35  X-offset = -3  Y-offset = 56
  (10)[2]25(19)11(26)[38]8(8)6(13)8(7)8(12)8(6)[3]10(11)8(6)10(10)8(7)9(11)8 
  (8)7(12)7(9)3(15)8(10)3(14)7(12)3(12)7(14)3(10)7(16)4(6)7(20)13(24)8(18) 
955:  Flag byte = 184  Character = 75  Packet length = 158
  Dynamic packing variable = 11
  TFM width = 815562  dx = 4259840 
  Height = 57  Width = 57  X-offset = -3  Y-offset = 56
  [2]24(15)17(8)10(24)11(13)8(26)7(16)8(26)5(18)8(26)4(19)8(26)3(20)8(25)3(21) 
  8(24)3(22)8(23)3(23)8(22)3(24)8(21)3(25)8(20)3(26)8(19)3(27)8(18)3(28)8(17)3 
  (29)8(16)3(30)8(15)3(31)8(13)4(32)8(12)3(34)8(11)3(35)8(10)5(34)8(9)6(34)8 
  (8)8(33)8(7)9(33)8(6)11(32)8(5)3(1)9(31)8(4)3(2)9(31)8(3)3(4)9(30)8(2)3(6)9 
  (29)8(1)3(7)9(29)11(9)9(28)10(11)9(27)9(12)9(27)8(14)9(26)[1]8(15)9(25)8(16) 
  9(24)[1]8(17)9(23)8(18)9(22)[1]8(19)9(21)[1]8(20)9(20)8(21)9(19)[1]8(22)9 
  (18)8(23)9(17)8(24)9(16)8(24)10(15)8(24)11(13)10(22)13(5)[2]24(11)22 
1113:  Flag byte = 184  Character = 76  Packet length = 50
  Dynamic packing variable = 11
  TFM width = 655362  dx = 3407872 
  Height = 57  Width = 45  X-offset = -3  Y-offset = 56
  [2]27(25)11(35)[30]8(37)[4]8(27)2(8)8(26)3[2](8)8(26)2(9)[2]8(25)3(9)[1]8 
  (24)4(9)8(23)5(9)8(22)6(9)8(20)8(9)8(19)8(9)10(15)11(2)[2]43(2) 
1163:  Flag byte = 184  Character = 77  Packet length = 149
  Dynamic packing variable = 11
  TFM width = 961197  dx = 4980736 
  Height = 57  Width = 69  X-offset = -3  Y-offset = 56
  16(37)33[1](35)17(7)10(35)10(15)[1]2(1)7(33)2(1)7(16)[2]2(2)7(31)2(2)7(16) 
  [2]2(3)7(29)2(3)7(16)[1]2(4)7(27)2(4)7(16)[2]2(5)7(25)2(5)7(16)[1]2(6)7(23)2 
  (6)7(16)[2]2(7)7(21)2(7)7(16)[2]2(8)7(19)2(8)7(16)[1]2(9)7(17)2(9)7(16)[2]2 
  (10)7(15)2(10)7(16)[1]2(11)7(13)2(11)7(16)[2]2(12)7(11)2(12)7(16)[2]2(13)7 
  (9)2(13)7(16)[1]2(14)7(7)2(14)7(16)[2]2(15)7(5)2(15)7(16)[1]2(16)7(3)2(16)7 
  (16)[2]2(17)7(1)2(17)7(16)[2]2(18)8(18)7(15)4(18)6(19)7(14)6(17)6(19)7(12)10 
  (16)4(19)9(7)[1]18(12)4(12)41(13)2(13)23 
1312:  Flag byte = 184  Character = 78  Packet length = 185
  Dynamic packing variable = 11
  TFM width = 786434  dx = 4063232 
  Height = 57  Width = 55  X-offset = -3  Y-offset = 56
  16(21)35(20)36(19)18(8)10(23)10(12)11(24)6(14)2(1)9(24)4(15)2(1)9(25)2(16)2 
  (2)9(24)2(16)[1]2(3)9(23)2(16)2(4)9(22)2(16)[1]2(5)9(21)2(16)2(6)9(20)2(16) 
  [1]2(7)9(19)2(16)2(8)9(18)2(16)2(9)9(17)2(16)2(9)10(16)2(16)2(10)9(16)2(16)2 
  (11)9(15)2(16)2(11)10(14)2(16)2(12)9(14)2(16)2(13)9(13)2(16)2(13)10(12)2(16) 
  2(14)9(12)2(16)2(15)9(11)2(16)2(15)10(10)2(16)2(16)9(10)2(16)2(17)9(9)2(16) 
  [1]2(18)9(8)2(16)2(19)9(7)2(16)[1]2(20)9(6)2(16)2(21)9(5)2(16)[1]2(22)9(4)2 
  (16)2(23)9(3)2(16)[1]2(24)9(2)2(16)2(25)9(1)2(16)[1]2(26)11(16)2(27)10(16) 
  [1]2(28)9(16)2(29)8(16)[1]2(30)7(16)2(31)6(15)4(31)5(14)6(30)5(12)10(29)4(8) 
  [1]18(26)3(8)18(27)2(8) 
1497:  Flag byte = 176  Character = 79  Packet length = 119
  Dynamic packing variable = 11
  TFM width = 815562  dx = 4259840 
  Height = 61  Width = 54  X-offset = -5  Y-offset = 58
  (22)10(41)16(35)7(8)7(31)6(12)6(28)6(16)6(25)6(18)6(22)7(20)7(19)7(22)7(17)7 
  (24)7(15)7(26)7(14)6(28)6(13)7(28)7(11)[1]7(30)7(9)[1]7(32)7(7)8(32)8(6)7 
  (34)7(5)[2]8(34)8(3)9(34)9(2)[2]8(36)8(1)[11]9(36)9(1)8(36)8(2)[2]9(34)9(3) 
  [1]8(34)8(5)[2]8(32)8(7)8(30)8(9)7(30)7(10)8(28)8(11)7(28)7(13)[1]7(26)7(15) 
  7(24)7(17)7(22)7(19)7(20)7(21)7(18)7(24)6(16)6(27)7(12)7(30)7(8)7(35)16(41) 
  10(22) 
1616:  Flag byte = 184  Character = 80  Packet length = 75
  Dynamic packing variable = 11
  TFM width = 713616  dx = 3735552 
  Height = 57  Width = 48  X-offset = -3  Y-offset = 56
  34(14)37(11)39(16)10(14)10(15)8(18)8(14)8(20)7(13)8(21)7(12)8(22)7(11)8(22)8 
  (10)8(22)9(9)[1]8(23)8(9)[6]8(23)9[1](8)8(23)8(9)[1]8(22)8(10)8(21)8(11)8 
  (21)7(12)8(20)7(13)8(18)8(14)8(15)9(16)30(18)28(20)[22]8(39)10(31)[2]24(24) 
1691:  Flag byte = 176  Character = 81  Packet length = 166
  Dynamic packing variable = 11
  TFM width = 815562  dx = 4259840 
  Height = 75  Width = 54  X-offset = -5  Y-offset = 58
  (22)10(41)16(35)7(8)7(31)6(12)6(28)6(16)6(25)6(18)6(22)7(20)7(19)7(22)7(17)7 
  (24)7(15)[1]7(26)7(13)7(28)7(11)8(28)8(10)7(30)7(9)8(30)8(8)7(32)7(7)[1]8 
  (32)8(5)[2]8(34)8(3)[1]9(34)9(2)[1]8(36)8(1)[11]9(36)9[1](1)8(36)8(2)[1]9 
  (34)9(3)[1]8(34)8(5)[2]8(32)8(7)8(30)8(9)7(13)5(12)7(10)7(11)9(10)7(11)7(9)3 
  (5)3(8)7(13)7(7)3(7)3(6)7(14)7(6)3(9)2(6)7(15)7(5)2(10)3(4)7(17)7(4)2(11)2 
  (3)7(19)7(3)2(11)3(1)7(21)7(2)2(12)9(24)6(1)3(11)7(27)10(9)7(30)9(6)7(14)2 
  (19)19(14)2(22)10(3)3(14)2(35)4(12)3(35)5(11)3(35)5(10)4(35)6(8)5(35)7(6)5 
  (37)[2]17(37)16(39)15(39)14(41)12(43)10(46)6(7) 
1857:  Flag byte = 168  Character = 82  Packet length = 133
  Dynamic packing variable = 10
  TFM width = 771870  dx = 3997696 
  Height = 59  Width = 57  X-offset = -3  Y-offset = 56
  31(26)35(22)37(27)10(12)10(26)8(16)9(24)8(18)8(23)8(19)8(22)8(20)8(21)[1]8 
  (21)8(20)[1]8(22)8(19)[5]8(22)9(18)[1]8(22)8(19)[1]8(21)8(20)8(20)8(21)8(19) 
  8(22)8(18)7(24)8(16)8(25)8(13)9(27)27(30)26(31)8(12)8(29)8(14)7(28)8(16)7 
  (26)8(16)8(25)8(17)8(24)[1]8(18)8(23)8(19)7(23)[4]8(19)8(22)[5]8(19)9(21)[1] 
  8(19)9(11)2(8)8(19)10(10)2(8)8(20)9(10)2(8)8(20)9(9)3(7)10(20)8(9)2(1)24(14) 
  8(7)3(1)24(15)7(7)2(2)24(16)7(5)3(44)12(48)7(5) 
1990:  Flag byte = 176  Character = 83  Packet length = 130
  Dynamic packing variable = 11
  TFM width = 582544  dx = 3014656 
  Height = 61  Width = 37  X-offset = -4  Y-offset = 58
  (12)9(11)2(13)13(8)3(11)17(6)3(9)7(8)6(3)4(8)6(13)4(1)5(7)6(15)9(6)6(17)8(5) 
  6(19)7(5)5(21)6(4)[1]6(22)5(4)5(24)4(3)6(24)4(3)[2]6(25)3(3)[2]7(25)2(3)8 
  (24)2(3)9(29)9(28)10(27)12(26)15(23)18(19)22(16)23(15)24(14)25(14)24(15)23 
  (17)21(20)17(24)14(27)10(28)10(28)9(29)8(30)[1]10[1](28)9[2](29)9[1](28)9 
  (28)5(1)4(27)5(1)4(26)6(1)5(25)5(2)6(23)6(2)7(22)5(3)8(20)6(3)9(18)6(4)5(1)6 
  (14)6(5)4(4)7(9)7(6)3(7)19(8)3(9)15(10)2(13)9(13) 
2120:  Flag byte = 176  Character = 84  Packet length = 56
  Dynamic packing variable = 11
  TFM width = 757307  dx = 3932160 
  Height = 57  Width = 53  X-offset = -3  Y-offset = 56
  (2)[2]49(4)8(12)10(11)8(4)5(16)8(15)5(3)5(17)8(16)5(2)4(18)8(17)4(2)[2]3(19) 
  8(18)3(2)[3]2(20)8(19)2(1)3(20)8(19)5[3](21)8(20)2[33](23)8(43)12(31)[2]32 
  (10) 
2176:  Flag byte = 168  Character = 85  Packet length = 76
  Dynamic packing variable = 10
  TFM width = 786434  dx = 4063232 
  Height = 59  Width = 55  X-offset = -3  Y-offset = 56
  [2]24(13)18(7)10(24)10(12)8(27)6(14)8(28)4(15)[35]8(29)2(16)8(28)3(17)7(28)2 
  (18)8(27)2(18)8(26)3(19)7(26)3(19)7(26)2(21)7(24)3(21)7(23)3(23)7(21)4(24)7 
  (20)3(26)7(18)3(28)7(15)4(30)7(13)4(32)8(8)6(35)18(39)14(45)8(22) 
2252:  Flag byte = 168  Character = 86  Packet length = 121
  Dynamic packing variable = 10
  TFM width = 786434  dx = 4063232 
  Height = 59  Width = 57  X-offset = -2  Y-offset = 56
  [2]22(19)16(6)11(27)10(10)9(29)6(13)9(30)4(15)8(31)2(16)9(29)3(17)[1]8(29)2 
  (18)9(28)2(19)[1]8(27)2(20)9(25)3(21)8(25)2(22)9(24)2(23)[1]8(23)2(24)9(22)2 
  (25)[1]8(21)2(26)9(19)3(27)[1]8(19)2(29)[1]8(17)2(30)9(16)2(31)[1]8(15)2(32) 
  9(13)3(33)[1]8(13)2(35)[1]8(11)2(36)9(10)2(37)[1]8(9)2(38)9(7)3(39)[1]8(7)2 
  (41)[1]8(5)2(42)9(4)2(43)[1]8(3)2(44)9(1)3(45)[1]8(1)2(47)[2]9(49)[2]7(51) 
  [1]5(53)[2]3(27) 
2373:  Flag byte = 168  Character = 87  Packet length = 200
  Dynamic packing variable = 10
  TFM width = 1077706  dx = 5570560 
  Height = 59  Width = 80  X-offset = -2  Y-offset = 56
  [2]22(7)23(11)17(5)12(18)12(20)10(9)9(21)9(24)6(12)8(22)8(25)4(13)8(22)8(25) 
  3(14)9(21)8(25)3(15)[1]8(22)8(24)2(16)9(21)8(23)3(17)[1]8(22)8(22)2(18)9(21) 
  8(22)2(19)[1]8(20)10(20)2(20)9(19)10(20)2(21)8(18)12(18)2(22)[1]8(18)2(2)8 
  (18)2(23)8(16)3(2)9(16)2(24)[1]8(16)2(4)8(16)2(25)8(14)3(4)9(14)2(26)[1]8 
  (14)2(6)8(14)2(27)8(13)2(6)9(12)2(28)[1]8(12)2(8)8(12)2(29)8(11)2(8)9(10)2 
  (30)[1]8(10)2(10)8(10)2(31)8(9)2(10)8(9)2(32)[1]8(8)2(12)8(8)2(32)9(7)2(12)8 
  (7)3(33)[1]8(6)2(14)8(6)2(34)9(5)2(14)8(5)3(35)[1]8(4)2(16)8(4)2(36)9(3)2 
  (16)8(3)3(37)[1]8(2)2(18)8(2)2(38)9(1)2(18)8(2)2(39)[2]10(20)10(41)9(20)9 
  (42)[1]8(22)8(43)7(22)7(44)[1]6(24)6(45)5(24)5(46)[1]4(26)4(47)3(26)3(48)2 
  (28)2(24) 
2573:  Flag byte = 160  Character = 88  Packet length = 152
  Dynamic packing variable = 10
  TFM width = 786434  dx = 4063232 
  Height = 57  Width = 57  X-offset = -2  Y-offset = 56
  (1)[2]23(10)20(11)13(16)12(17)10(19)8(21)9(20)5(24)9(19)4(25)9(19)3(27)9(18) 
  2(29)9(16)3(29)9(15)3(31)9(14)2(32)9(13)3(33)9(11)3(35)9(10)2(36)9(9)3(37)9 
  (8)2(39)9(6)2(40)9(5)3(41)9(4)2(43)8(3)2(44)9(1)3(45)11(46)10(48)9(49)[1]9 
  (49)9(49)[1]9(47)11(46)2(1)8(45)2(2)9(43)3(3)9(42)2(4)9(41)2(6)9(39)3(7)9 
  (38)2(8)9(37)2(10)9(35)3(11)8(35)2(12)9(33)2(14)9(31)3(14)9(31)2(16)9(29)2 
  (18)9(27)3(18)9(27)2(20)9(25)2(22)9(23)3(22)9(23)2(24)9(21)3(25)8(20)4(25)9 
  (17)7(24)10(13)12(20)14(6)[2]19(15)23 
2725:  Flag byte = 168  Character = 89  Packet length = 104
  Dynamic packing variable = 10
  TFM width = 786434  dx = 4063232 
  Height = 57  Width = 59  X-offset = -1  Y-offset = 56
  [2]23(19)17(6)13(26)10(12)10(28)6(16)9(29)4(17)9(29)3(19)9(28)2(21)9(26)3 
  (21)9(26)2(23)[1]9(24)2(25)9(22)2(27)9(20)3(27)9(20)2(29)9(18)3(29)9(18)2 
  (31)9(16)2(33)9(14)3(33)9(14)2(35)9(12)3(35)9(12)2(37)9(10)3(38)9(9)2(39)9 
  (8)2(41)9(6)3(41)9(6)2(43)9(4)3(44)9(3)2(45)9(2)2(47)9(1)2(47)11(49)10(50) 
  [19]8(50)10(42)[2]24(17) 
2829:  Flag byte = 176  Character = 90  Packet length = 123
  Dynamic packing variable = 11
  TFM width = 640798  dx = 3342336 
  Height = 57  Width = 41  X-offset = -5  Y-offset = 56
  (2)[2]38(3)12(17)8(4)8(20)9(4)7(20)9(5)5(22)9(5)4(22)9(6)4(22)8(7)3(22)9(6)4 
  (21)9(7)3(22)9(7)3(21)9(8)3(21)8(9)2(21)9(9)[1]2(20)9(10)2(19)9(11)2(19)8 
  (32)9(31)[1]9(31)9(32)8(32)9(31)[1]9(31)9(32)8(32)9(31)[1]9(31)9(32)8(32)9 
  (31)[1]9(19)2(10)9(20)2(10)8(21)2(9)9(21)2(8)9(22)2(8)9(21)3(7)9(22)3(7)8 
  (23)3(6)9(23)3(5)9(24)3(5)9(23)3(5)9(24)3(5)8(24)4(4)9(23)5(3)9(23)6(3)9(22) 
  7(2)9(21)9(2)8(19)12(1)[2]40(1) 
2952:  Flag byte = 192  Character = 97  Packet length = 97
  Dynamic packing variable = 12
  TFM width = 524290  dx = 2752512 
  Height = 39  Width = 38  X-offset = -3  Y-offset = 37
  (11)8(27)14(22)5(7)6(19)3(12)5(17)5(12)6(14)7(12)6(13)8(11)6(13)[1]8(12)6 
  (12)8(13)6(12)6(14)6(13)4(15)6(32)[3]6(25)13(21)17(18)9(5)6(16)7(9)6(14)7 
  (11)6(12)8(12)6(11)7(14)6(10)8(14)6(9)8(15)6(9)7(16)6(9)7(16)6(6)9[2](17)6 
  (6)9[1](16)7(6)10(14)8(6)2(1)7(13)3(1)5(6)2(1)8(12)2(3)5(4)2(3)8(9)4(3)5(4)2 
  (5)7(6)4(6)9(8)14(8)7(12)8(12)5(4) 
3049:  Flag byte = 192  Character = 98  Packet length = 96
  Dynamic packing variable = 12
  TFM width = 582544  dx = 3014656 
  Height = 59  Width = 40  X-offset = -2  Y-offset = 57
  (6)6(28)[2]12(32)8(34)[15]6(34)6(7)8(19)6(5)12(17)6(3)4(7)5(15)6(2)3(10)6 
  (13)6(1)3(12)6(12)9(14)6(11)8(16)6(10)7(18)6(9)6(19)6(9)[1]6(20)6(8)[1]6(20) 
  7(7)6(21)6(7)[9]6(21)7(6)6(21)6(7)[1]6(20)7(7)6(20)6(8)6(19)7(8)7(18)6(9)7 
  (17)6(10)8(16)6(10)5(1)3(14)6(11)4(3)2(13)6(12)4(3)4(10)5(14)3(6)4(6)6(15)2 
  (8)13(30)7(14) 
3145:  Flag byte = 192  Character = 99  Packet length = 71
  Dynamic packing variable = 12
  TFM width = 466035  dx = 2424832 
  Height = 39  Width = 31  X-offset = -3  Y-offset = 37
  (14)8(20)14(15)6(7)5(11)6(12)3(9)6(12)5(7)6(12)7(5)[1]6(12)8(4)6(13)8(3)7 
  (13)8(3)6(15)6(3)7(16)4(4)[1]7(24)6(24)[9]7(25)6(25)[1]7(25)6(21)2(2)7(20)2 
  (3)6(19)3(3)7(18)2(5)6(17)3(6)6(15)3(8)6(13)3(10)6(11)3(13)5(7)5(16)13(20)8 
  (10) 
3216:  Flag byte = 192  Character = 100  Packet length = 88
  Dynamic packing variable = 12
  TFM width = 582544  dx = 3014656 
  Height = 59  Width = 40  X-offset = -3  Y-offset = 57
  (28)6(28)[2]12(32)8(34)[15]6(20)7(7)6(17)13(4)6(15)6(6)4(3)6(14)5(10)4(1)6 
  (12)6(13)9(11)6(15)8(10)[1]6(17)7(9)6(19)6(8)7(19)6(8)6(20)6(7)[1]7(20)6(7)6 
  (21)6(6)[9]7(21)6(7)6(21)6(7)[1]7(20)6(8)[1]6(20)6(9)[1]6(18)7(10)6(16)8(11) 
  6(14)9(12)6(12)3(1)8(11)6(10)3(2)12(9)5(7)4(3)12(11)12(5)12(13)8(7)6(6) 
3304:  Flag byte = 192  Character = 101  Packet length = 77
  Dynamic packing variable = 12
  TFM width = 466035  dx = 2424832 
  Height = 39  Width = 32  X-offset = -2  Y-offset = 37
  (13)8(22)13(17)5(6)6(13)6(9)5(11)6(11)5(9)6(12)6(7)6(14)5(6)[1]6(16)5(4)6 
  (17)6(3)6(18)5(2)7(18)5(2)7(18)6(1)6(19)13[2](19)77[4](26)[1]6(26)[1]7(26)6 
  (22)2(2)7(21)2(3)6(20)3(4)6(19)2(6)5(18)3(6)6(16)3(9)5(14)3(11)5(12)3(13)6 
  (7)5(16)14(21)8(10) 
3381:  Flag byte = 192  Character = 102  Packet length = 41
  Dynamic packing variable = 12
  TFM width = 320400  dx = 1638400 
  Height = 59  Width = 28  X-offset = -1  Y-offset = 58
  (17)6(19)11(15)6(5)4(12)6(4)6(11)6(4)8[1](9)6(5)8[1](8)6(6)8(7)6(9)4(9)[12]6 
  (15)[2]22(13)[28]6(21)8(15)[2]20(7) 
3422:  Flag byte = 192  Character = 103  Packet length = 111
  Dynamic packing variable = 12
  TFM width = 524290  dx = 2752512 
  Height = 56  Width = 38  X-offset = -2  Y-offset = 37
  (30)6(14)8(8)9(11)12(4)4(4)4(8)5(6)5(1)3(5)5(7)5(8)7(6)5(6)5(10)5(7)5(5)5 
  (12)5(8)1(6)[1]6(12)6(13)[7]6(14)6(13)[1]6(12)6(15)5(12)5(17)5(10)5(18)6(8)5 
  (19)7(6)5(19)3(2)12(21)2(5)8(22)[3]3(35)[1]4(34)6(33)21(17)24(15)25(14)26 
  (11)28(8)5(16)10(6)5(20)8(4)5(23)6(3)5(25)5(3)5(25)6(1)[4]5(27)5(1)6(25)6(2) 
  5(25)5(4)5(23)5(5)6(21)6(7)5(19)5(10)6(15)6(13)7(9)7(17)19(23)11(14) 
3533:  Flag byte = 192  Character = 104  Packet length = 61
  Dynamic packing variable = 12
  TFM width = 582544  dx = 3014656 
  Height = 58  Width = 41  X-offset = -2  Y-offset = 57
  (6)6(29)[2]12(33)8(35)[15]6(35)6(8)8(19)6(6)12(17)6(4)4(6)6(15)6(3)3(9)6(14) 
  6(2)3(11)6(13)6(1)3(12)6(13)9(13)6(13)[1]8(15)6(12)[2]7(16)6(12)[20]6(17)6 
  (11)8(15)8(5)[2]18(5)18 
3594:  Flag byte = 208  Character = 105  Packet length = 28
  Dynamic packing variable = 13
  TFM width = 291272  dx = 1507328 
  Height = 56  Width = 18  X-offset = -2  Y-offset = 55
  (6)3(13)7(10)[4]9(10)7(13)3(195)6(6)[2]12(11)7(12)[27]6(11)8(5)54 
3622:  Flag byte = 192  Character = 106  Packet length = 48
  Dynamic packing variable = 12
  TFM width = 320400  dx = 1638400 
  Height = 73  Width = 21  X-offset = 4  Y-offset = 55
  (15)3(16)7(13)[4]9(13)7(16)3(228)6[2](8)13(13)8[37](15)6(2)4(9)6(1)6(8)14(7) 
  5(1)[1]8(6)6(1)8(6)5(2)7(6)5(4)5(7)5(5)4(6)4(9)11(12)7(8) 
3670:  Flag byte = 192  Character = 107  Packet length = 108
  Dynamic packing variable = 12
  TFM width = 553418  dx = 2883584 
  Height = 58  Width = 40  X-offset = -2  Y-offset = 57
  (6)6(28)[2]12(32)8(34)[16]6(34)[2]6(11)15(8)6(13)9(12)6(13)7(14)6(13)5(16)6 
  (13)3(18)6(12)3(19)6(11)3(20)6(10)3(21)6(9)3(22)6(7)4(23)6(6)3(25)6(5)4(25)6 
  (4)6(24)6(3)7(24)6(2)9(23)6(1)3(2)6(22)9(3)7(21)7(6)6(21)6(8)6(20)6(8)7(19)6 
  (9)6(19)6(10)6(18)6(11)6(17)6(11)7(16)6(12)6(16)6(13)6(15)6(13)7(14)6(14)6 
  (14)6(14)7(13)6(15)7(11)8(13)10(4)[2]18(6)16 
3778:  Flag byte = 208  Character = 108  Packet length = 21
  Dynamic packing variable = 13
  TFM width = 291272  dx = 1507328 
  Height = 58  Width = 18  X-offset = -2  Y-offset = 57
  (6)6(6)[2]12(10)8(12)[48]6(11)8(5)54 
3799:  Flag byte = 192  Character = 109  Packet length = 69
  Dynamic packing variable = 12
  TFM width = 873816  dx = 4521984 
  Height = 37  Width = 64  X-offset = -2  Y-offset = 36
  (6)6(8)8(15)8(13)12(6)12(11)12(11)12(4)4(6)6(7)4(6)6(9)12(3)3(9)6(5)3(9)6 
  (12)8(2)3(11)6(3)3(11)6(13)6(1)3(12)6(2)3(12)6(13)9(13)6(1)3(13)6(13)[1]8 
  (15)8(15)6(12)[2]7(16)7(16)6(12)[20]6(17)6(17)6(11)8(15)8(15)8(5)[2]18(5)18 
  (5)18 
3868:  Flag byte = 192  Character = 110  Packet length = 49
  Dynamic packing variable = 12
  TFM width = 582544  dx = 3014656 
  Height = 37  Width = 41  X-offset = -2  Y-offset = 36
  (6)6(8)8(13)12(6)12(11)12(4)4(6)6(9)12(3)3(9)6(12)8(2)3(11)6(13)6(1)3(12)6 
  (13)9(13)6(13)[1]8(15)6(12)[2]7(16)6(12)[20]6(17)6(11)8(15)8(5)[2]18(5)18 
3917:  Flag byte = 192  Character = 111  Packet length = 76
  Dynamic packing variable = 12
  TFM width = 524290  dx = 2752512 
  Height = 39  Width = 37  X-offset = -2  Y-offset = 37
  (14)9(26)13(22)5(7)5(18)5(11)5(15)5(13)5(13)5(15)5(11)5(17)5(9)5(19)5(7)6 
  (19)6(6)5(21)5(5)[1]6(21)6(3)[3]6(23)6(1)[8]7(23)7[1](1)6(23)6(2)7(21)7(3) 
  [1]6(21)6(5)6(19)6(7)5(19)5(8)6(17)6(9)6(15)6(11)6(13)6(14)5(11)5(17)6(7)6 
  (20)15(25)9(14) 
3993:  Flag byte = 192  Character = 112  Packet length = 87
  Dynamic packing variable = 12
  TFM width = 582544  dx = 3014656 
  Height = 53  Width = 40  X-offset = -2  Y-offset = 36
  (6)6(7)8(13)12(5)12(11)12(3)4(6)6(9)12(2)3(10)6(11)8(1)3(12)6(12)9(14)6(11)8 
  (16)6(10)7(17)7(9)6(19)6(9)6(19)7(8)6(20)6(8)[2]6(20)7(7)[9]6(21)7[2](6)6 
  (20)7(7)[1]6(19)7(8)7(17)7(9)7(17)6(10)8(15)7(10)9(13)7(11)6(1)2(13)6(12)6 
  (1)4(9)6(14)6(3)4(6)6(15)6(4)13(17)6(7)7(20)[10]6(33)8(27)[2]18(22) 
4080:  Flag byte = 192  Character = 113  Packet length = 92
  Dynamic packing variable = 12
  TFM width = 553416  dx = 2883584 
  Height = 53  Width = 40  X-offset = -3  Y-offset = 36
  (14)7(11)2(17)12(8)3(15)6(6)4(6)3(14)6(9)3(4)4(12)6(12)3(3)4(11)7(13)3(1)5 
  (10)7(15)2(1)5(10)6(16)8(9)7(17)7(8)7(18)7(8)7(19)6(7)[2]7(20)6(6)[9]7(21)6 
  (7)[2]7(20)6(8)6(20)6(8)7(18)7(9)6(18)7(9)7(16)8(10)6(16)8(11)6(14)9(12)6 
  (12)3(1)6(13)6(10)3(2)6(15)6(6)4(3)6(17)12(5)6(19)8(7)6(34)[10]6(33)8(27)[2] 
  18 
4172:  Flag byte = 192  Character = 114  Packet length = 45
  Dynamic packing variable = 12
  TFM width = 410694  dx = 2162688 
  Height = 37  Width = 28  X-offset = -2  Y-offset = 36
  (5)6(8)5(4)11(6)9(2)11(4)4(3)5(1)11(3)3(4)7(4)7(2)3(5)7(6)5(2)2(6)7(6)5(1)3 
  (6)7(6)5(1)2(8)5(7)8(10)1(9)[3]7(21)[19]6(21)8(15)[2]20(8) 
4217:  Flag byte = 192  Character = 115  Packet length = 82
  Dynamic packing variable = 12
  TFM width = 413606  dx = 2162688 
  Height = 39  Width = 26  X-offset = -3  Y-offset = 37
  (8)8(6)2(8)13(2)3(6)5(7)8(5)4(11)6(4)4(13)5(3)4(15)4(3)3(17)3(2)[1]4(17)3(2) 
  4(18)2(2)[1]5(17)2(2)6(16)2(2)8(19)10(16)15(12)17(10)18(9)18(10)17(11)16(15) 
  12(18)8(20)6(1)2(18)8[1](19)8[2](19)8(18)8(18)3(1)5(16)4(1)6(15)4(1)6(14)4 
  (2)8(11)4(3)4(2)4(7)5(4)3(4)13(6)2(8)7(9) 
4299:  Flag byte = 192  Character = 116  Packet length = 48
  Dynamic packing variable = 12
  TFM width = 407781  dx = 2097152 
  Height = 52  Width = 26  X-offset = -1  Y-offset = 50
  (11)[4]2(23)[2]3(22)[2]4(21)5(20)6(19)7(18)8(16)21(2)[1]24(9)[17]6(20)[8]6 
  (11)2(8)6(9)3(8)6(9)2(10)5(8)3(10)6(7)2(12)6(5)3(14)11(18)6(5) 
4347:  Flag byte = 192  Character = 117  Packet length = 50
  Dynamic packing variable = 12
  TFM width = 582544  dx = 3014656 
  Height = 38  Width = 41  X-offset = -2  Y-offset = 36
  (6)6(17)6(6)[2]12(11)12(10)8(15)8(12)[21]6(17)6(12)[2]6(16)7(12)6(15)8(13)5 
  (15)8(13)6(13)9(14)5(12)3(1)8(12)6(10)3(2)12(10)6(6)4(3)12(11)14(4)12(14)8 
  (7)6(6) 
4397:  Flag byte = 184  Character = 118  Packet length = 71
  Dynamic packing variable = 11
  TFM width = 553418  dx = 2883584 
  Height = 37  Width = 39  X-offset = -2  Y-offset = 35
  [2]17(9)13(4)9(15)8(8)7(17)6(10)6(18)4(11)7(17)3(13)[1]6(17)2(15)[1]6(15)2 
  (16)7(13)3(17)[1]6(13)2(19)[1]6(11)2(20)7(9)3(21)[1]6(9)2(23)[1]6(7)2(24)7 
  (6)2(25)[1]6(5)2(27)[2]6(3)2(29)[1]6(1)2(30)9(31)[1]7(33)[2]5(35)[1]3(18) 
4468:  Flag byte = 184  Character = 119  Packet length = 121
  Dynamic packing variable = 11
  TFM width = 757307  dx = 3932160 
  Height = 37  Width = 55  X-offset = -2  Y-offset = 35
  [2]16(3)16(7)13(4)9(11)8(12)9(7)7(13)6(15)5(9)7(13)6(15)4(11)[1]6(14)5(16)2 
  (13)[2]6(13)6(14)2(15)6(12)7(12)2(16)[1]6(11)2(1)5(12)2(17)6(9)3(1)6(10)2 
  (18)[1]6(9)2(3)5(10)2(19)6(7)3(3)6(8)2(20)6(7)2(5)5(8)2(20)7(6)2(5)6(6)3(21) 
  6(5)3(5)6(6)2(22)6(5)2(7)5(6)2(22)7(4)2(7)6(4)3(23)[1]6(3)2(9)5(4)2(25)6(2)2 
  (9)6(2)2(26)[1]6(1)2(11)5(2)2(27)8(11)8(28)[1]7(13)7(29)6(13)6(30)[1]5(15)5 
  (31)4(15)4(32)3(17)3(33)2(17)2(17) 
4589:  Flag byte = 184  Character = 120  Packet length = 89
  Dynamic packing variable = 11
  TFM width = 553418  dx = 2883584 
  Height = 36  Width = 41  X-offset = -1  Y-offset = 35
  [2]17(8)15(7)9(11)10(12)8(12)6(16)7(12)5(18)6(12)3(21)6(11)2(23)6(9)2(24)7 
  (7)3(25)6(6)3(27)6(5)2(28)7(3)2(30)7(1)3(31)9(33)[1]7(35)7(35)6(34)8(33)9 
  (31)2(2)6(30)3(3)6(28)3(5)6(26)3(6)7(25)2(8)6(24)2(10)6(22)3(11)6(20)3(12)7 
  (18)4(13)6(17)4(15)6(15)6(14)7(11)9(13)10(5)[2]15(9)17 
4678:  Flag byte = 184  Character = 121  Packet length = 104
  Dynamic packing variable = 11
  TFM width = 553418  dx = 2883584 
  Height = 53  Width = 39  X-offset = -2  Y-offset = 35
  [2]17(9)13(4)9(15)8(8)7(17)5(11)6(18)3(13)6(17)3(13)6(17)2(14)7(16)2(15)[1]6 
  (15)2(17)[1]6(13)2(18)7(12)2(19)[1]6(11)2(21)[1]6(9)2(22)7(7)3(23)[1]6(7)2 
  (25)[1]6(5)2(26)7(3)3(27)[1]6(3)2(29)[1]6(1)2(30)9(31)[1]7(33)[2]5(35)[1]3 
  (36)[1]2(36)3(36)[1]2(36)[1]2(22)5(9)3(21)7(8)2(22)7(7)3(22)7(7)2(23)7(6)2 
  (24)6(6)3(25)3(7)3(27)3(5)3(29)9(31)6(29) 
4782:  Flag byte = 192  Character = 122  Packet length = 81
  Dynamic packing variable = 12
  TFM width = 466035  dx = 2424832 
  Height = 36  Width = 31  X-offset = -2  Y-offset = 35
  (2)[1]28(3)7(13)8(3)5(15)7(4)4(15)7(5)3(15)7(6)2(16)7(5)3(15)7(6)3(14)7(7)2 
  (14)8(7)2(14)7(8)2(13)7(9)[1]2(12)7(23)7(23)[1]7(23)7(23)7(23)[1]7(23)7(13)2 
  [1](8)7(14)2(7)7(15)2(6)7(16)2(5)8(15)3(5)7(16)3(4)7(17)2(4)[1]7(17)3(3)7 
  (17)4(2)7(17)5(1)8(14)8(1)[1]30(1) 
4863:  Flag byte = 184  Character = 0  Packet length = 46
  Dynamic packing variable = 11
  TFM width = 655362  dx = 3407872 
  Height = 57  Width = 45  X-offset = -3  Y-offset = 56
  [2]43(9)10(17)9(10)8(21)6(10)8(22)6(9)8(23)5(9)8(24)4(9)[1]8(25)3(9)[3]8(26) 
  2(9)8(26)3[3](8)8(27)2[33](8)8(36)11(27)[2]27(18) 
4909:  Flag byte = 160  Character = 1  Packet length = 145
  Dynamic packing variable = 10
  TFM width = 873816  dx = 4521984 
  Height = 60  Width = 60  X-offset = -4  Y-offset = 59
  (29)2(57)[1]4(55)[1]6(53)[1]8(51)[1]10(49)[1]2(1)9(47)[1]2(3)9(45)[1]2(5)9 
  (43)[1]2(7)9(41)3(8)9(40)2(9)9(39)3(10)9(38)2(11)9(37)3(12)9(36)2(13)9(35)3 
  (14)9(34)2(15)9(33)3(16)9(32)2(17)9(31)3(18)9(30)2(19)9(29)3(20)9(28)2(21)9 
  (27)3(22)9(26)2(23)9(25)3(24)9(24)2(25)9(23)3(26)9(22)2(27)9(21)3(28)9(20)2 
  (29)9(19)3(30)9(18)2(31)9(17)3(32)9(16)2(33)9(16)2(34)8(15)2(35)9(14)2(36)8 
  (13)2(37)9(12)2(38)8(11)2(39)9(10)2(40)8(9)2(41)9(8)2(42)8(7)2(43)9(6)54(5) 
  [1]56(3)[1]58(1)120 
5054:  Flag byte = 176  Character = 2  Packet length = 131
  Dynamic packing variable = 11
  TFM width = 815562  dx = 4259840 
  Height = 61  Width = 54  X-offset = -5  Y-offset = 58
  (22)10(41)16(35)7(8)7(31)6(12)6(28)6(16)6(25)6(18)6(22)7(20)7(19)7(22)7(17)7 
  (24)7(15)[1]7(26)7(13)7(28)7(11)8(28)8(10)7(30)7(9)8(30)8(8)7(32)7(7)[1]8 
  (32)8(5)[2]8(34)8(3)[1]9(34)9(2)8(36)8(2)8(6)2(20)2(6)8(1)[1]9(6)2(20)2(6)18 
  [6](6)24(6)18[2](6)2(20)2(6)9[1](1)8(36)8(2)[1]9(34)9(3)[1]8(34)8(5)[2]8(32) 
  8(7)8(30)8(9)[1]7(30)7(11)7(28)7(13)[1]7(26)7(15)7(24)7(17)7(22)7(19)7(20)7 
  (21)7(18)7(24)6(16)6(27)7(12)7(30)7(8)7(35)16(41)10(22) 
5185:  Flag byte = 176  Character = 3  Packet length = 124
  Dynamic packing variable = 11
  TFM width = 728179  dx = 3801088 
  Height = 60  Width = 51  X-offset = -3  Y-offset = 59
  (24)[2]3(47)[2]5(45)[2]7(43)[2]9(41)[1]11(40)2(1)8(39)3(1)9(38)2(2)9(38)[1]2 
  (3)8(37)2(4)9(36)[1]2(5)8(35)2(6)9(34)[1]2(7)8(33)2(8)9(32)[1]2(9)8(31)2(10) 
  9(30)[1]2(11)8(29)2(12)9(28)[1]2(13)8(27)2(14)9(26)[1]2(15)8(25)3(15)9(24)2 
  (16)9(24)2(17)8(23)3(17)9(22)2(18)9(22)[1]2(19)8(21)2(20)9(20)[1]2(21)8(19)2 
  (22)9(18)[1]2(23)8(17)2(24)9(16)[1]2(25)8(15)3(25)9(13)4(25)9(12)6(24)10(9) 
  10(21)12(5)[2]16(13)22 
5309:  Flag byte = 96  Character = 4  Packet length = 47
  Dynamic packing variable = 6
  TFM width = 699053  dx = 3604480 
  Height = 57  Width = 48  X-offset = -3  Y-offset = 56
  (2)[5]44(4)2(40)2(3)[1]3(40)3(2)[3]2(42)2(345)[3]2(28)2(16)[5]32(16)[3]2(28) 
  2(440)[4]2(44)5[1](42)3(1)2(42)2(2)[5]46(1) 
5356:  Flag byte = 168  Character = 5  Packet length = 27
  Dynamic packing variable = 10
  TFM width = 786434  dx = 4063232 
  Height = 57  Width = 55  X-offset = -3  Y-offset = 56
  165(7)9(23)9(15)[48]8(23)8(15)10(21)10(7)[2]24(7)24 
5383:  Flag byte = 168  Character = 6  Packet length = 121
  Dynamic packing variable = 10
  TFM width = 757307  dx = 3932160 
  Height = 57  Width = 49  X-offset = -5  Y-offset = 56
  [2]47(3)10(24)12(3)10(28)8(4)10(29)7(4)[1]10(30)5(5)10(30)4(6)[1]10(30)3(7) 
  10(30)2(8)10(29)2(9)9(29)2(9)10(28)3(9)10(28)2[1](10)10(27)2(11)10(26)2[1] 
  (12)10(40)10(40)[1]10(40)10(40)[1]10(40)10(40)[1]9(41)7(43)5(45)3(45)3(45)3 
  (45)3(46)2(46)3(27)2(16)3(28)2(15)3(29)2(14)3(30)2(13)3(30)3(12)3(31)2(12)3 
  (32)2(11)3(33)2(10)3(33)3(9)3(34)3(8)3(34)4(7)3(34)5(7)2(34)6(6)3(33)7(5)3 
  (32)9(4)3(29)12(4)45(3)46(2)[1]47(2) 
5504:  Flag byte = 176  Character = 7  Packet length = 78
  Dynamic packing variable = 11
  TFM width = 815562  dx = 4259840 
  Height = 59  Width = 54  X-offset = -5  Y-offset = 58
  (7)7(26)7(12)11(22)11(9)14(18)14(7)16(16)16(5)18(14)18(4)19(12)19(3)21(10)21 
  (2)5(8)9(8)9(8)5(2)4(11)7(8)7(11)4(1)3(14)7(6)7(14)6(15)6(6)6(15)5[1](17)6 
  (4)6(17)4(18)5(4)5(18)2(20)6(2)6(41)[2]5(2)5(43)[4]10(45)[31]8(44)12(33)[2] 
  30(12) 
5582:  Flag byte = 176  Character = 8  Packet length = 103
  Dynamic packing variable = 11
  TFM width = 757307  dx = 3932160 
  Height = 57  Width = 49  X-offset = -5  Y-offset = 56
  (11)[2]28(29)12(39)[7]8(38)13(32)21(25)9(1)17(20)7(5)8(4)7(17)6(7)8(6)6(14)7 
  (8)8(7)7(11)7(9)8(8)7(9)7(10)8(9)7(7)8(10)8(9)8(5)[1]8(11)8(10)8(3)9(11)8 
  (10)9(2)8(12)8(11)8(1)[6]9(12)8(11)9(1)8(12)8(11)8(2)9(11)8(10)9(3)[1]8(11)8 
  (10)8(5)8(10)8(9)8(7)7(10)8(9)7(9)7(9)8(8)7(11)7(8)8(7)7(14)6(7)8(6)6(17)7 
  (5)8(4)7(20)9(1)17(25)21(32)13(39)[7]8(39)12(29)[2]28(10) 
5685:  Flag byte = 192  Character = 9  Packet length = 91
  Dynamic packing variable = 12
  TFM width = 815562  dx = 4259840 
  Height = 57  Width = 54  X-offset = -5  Y-offset = 56
  (12)[2]30(33)12(44)[6]8(23)9(14)8(14)20(12)8(12)11(3)8(12)8(12)8(6)9(11)8 
  (11)9(7)8(11)8(11)8(8)9(10)8(10)9(9)[11]8(10)8(10)8(11)[3]8(9)8(9)8(13)[1]8 
  (8)8(8)8(15)7(8)8(8)7(17)7(7)8(7)7(18)8(6)8(6)8(19)7(6)8(6)7(21)7(5)8(5)7 
  (23)7(4)8(4)7(26)7(2)8(2)7(30)22(34)18(40)10(45)[7]8(44)12(33)[2]30(12) 
5776:  Flag byte = 176  Character = 10  Packet length = 122
  Dynamic packing variable = 11
  TFM width = 757307  dx = 3932160 
  Height = 59  Width = 51  X-offset = -4  Y-offset = 58
  (20)11(37)17(31)8(7)8(26)7(13)7(22)7(17)7(19)7(19)7(17)7(21)7(15)7(23)7(13)8 
  (23)8(11)8(25)8(9)[1]8(27)8(7)8(29)8(5)[2]9(29)9(3)[9]9(31)9(3)8(31)8(4)[1]9 
  (29)9(5)[2]8(29)8(7)[1]8(27)8(9)7(27)7(10)8(25)8(11)7(25)7(13)[1]6(25)6(15) 
  [1]6(23)6(17)[1]5(23)5(19)5(21)5(21)4(21)4(11)2(9)4(21)4(9)4(10)4(19)4(10)2 
  (1)2(9)4(19)4(9)2(2)[2]2(10)3(19)3(10)2(2)3(10)3(17)3(10)3(3)3(9)3(17)3(9)3 
  (4)[3]15(17)15(5)[1]14(17)14(3) 
5898:  Flag byte = 192  Character = 48  Packet length = 80
  Dynamic packing variable = 12
  TFM width = 524290  dx = 2752512 
  Height = 58  Width = 35  X-offset = -3  Y-offset = 55
  (14)7(25)13(20)6(5)6(17)5(9)5(15)4(13)4(13)4(15)4(11)5(15)5(9)[1]5(17)5(7) 
  [1]5(19)5(5)[2]6(19)6(3)[5]6(21)6(1)[18]7(21)7[3](1)6(21)6(2)7(19)7(3)[2]6 
  (19)6(5)5(19)5(6)6(17)6(7)[1]5(17)5(9)5(15)5(11)5(13)5(13)5(11)5(15)5(9)5 
  (17)6(5)6(20)13(25)7(14) 
5978:  Flag byte = 176  Character = 49  Packet length = 30
  Dynamic packing variable = 11
  TFM width = 524290  dx = 2752512 
  Height = 56  Width = 28  X-offset = -7  Y-offset = 55
  (15)3(24)4(23)5(21)7(18)10(10)[1]18(10)8(3)7(21)[43]7(20)9(10)[2]27 
6008:  Flag byte = 176  Character = 50  Packet length = 109
  Dynamic packing variable = 11
  TFM width = 524290  dx = 2752512 
  Height = 56  Width = 33  X-offset = -4  Y-offset = 55
  (12)8(22)14(17)18(14)5(7)9(10)4(12)8(9)3(14)8(7)3(16)8(5)3(18)8(4)2(19)8(3)3 
  (20)8(2)2(21)8(1)6(18)8(1)8(17)17[4](16)8(1)7(17)8(3)3(19)8(25)8[2](24)8(24) 
  8(25)7(25)8(25)7(25)7(26)6(26)7(25)7(25)7(26)6(26)5(27)5(27)5(27)5(27)5(27)5 
  (28)4(28)4(16)2(10)4(17)2(9)4(18)2(8)4(18)3(7)4(19)2(7)4(20)2(6)4(21)2(5)3 
  (22)3(5)28(4)29(3)30(2)30(2)[2]31(2) 
6117:  Flag byte = 176  Character = 51  Packet length = 108
  Dynamic packing variable = 11
  TFM width = 524290  dx = 2752512 
  Height = 58  Width = 35  X-offset = -3  Y-offset = 55
  (13)8(24)14(20)17(16)6(7)8(13)4(11)8(11)4(13)8(9)3(16)7(9)4(15)8(7)8(13)7(7) 
  [4]9(12)8(7)7(13)8(8)5(14)8(27)7(27)[1]8(27)7(27)[1]7(27)7(28)6(28)5(27)6 
  (23)11(24)14(30)7(29)7(30)7(28)8(28)8(28)[1]8(27)[1]9(27)8(27)[1]9(3)4(19)9 
  (1)8(17)19[3](16)19(16)8(1)9(16)9(2)8(16)8(3)6(18)8(3)3(20)8(5)3(18)8(7)4 
  (16)8(8)5(13)7(11)7(8)8(14)19(18)15(23)9(14) 
6225:  Flag byte = 176  Character = 52  Packet length = 107
  Dynamic packing variable = 11
  TFM width = 524290  dx = 2752512 
  Height = 57  Width = 37  X-offset = -2  Y-offset = 56
  (26)[1]3(33)4(32)[1]5(31)6(30)7(29)[1]8(28)9(27)10(27)2(1)7(26)2(2)7(25)3(2) 
  7(25)2(3)7(24)2(4)7(23)3(4)7(23)2(5)7(22)2(6)7(21)3(6)7(21)2(7)7(20)2(8)7 
  (19)3(8)7(19)2(9)7(18)2(10)7(17)3(10)7(17)2(11)7(16)2(12)7(15)3(12)7(14)3 
  (13)7(14)2(14)7(13)3(14)7(12)3(15)7(12)2(16)7(11)2(17)7(10)3(17)7(10)2(18)7 
  (9)2(19)7(8)3(19)7(8)111[10](22)7(29)9(21)[2]23 
6332:  Flag byte = 176  Character = 53  Packet length = 103
  Dynamic packing variable = 11
  TFM width = 524290  dx = 2752512 
  Height = 58  Width = 33  X-offset = -4  Y-offset = 55
  (5)2(21)2(8)4(17)4(8)7(10)7(9)24(9)23(10)22(11)20(13)19(14)17(16)2(2)10(19) 
  [10]2(31)2(6)8(17)2(3)13(15)2(2)4(7)5(13)6(10)6(11)4(13)6(10)3(15)6(9)2(16)6 
  (9)2(17)6(27)[1]7(26)8(26)[1]7(26)[3]8(2)5(18)8(1)7(17)17[3](16)16(17)7(1)7 
  (17)8(1)3(21)8(2)2(21)7(3)3(20)7(4)2(19)7(5)3(18)6(7)3(16)7(7)4(14)7(9)5(11) 
  7(11)6(7)7(15)17(18)13(22)8(14) 
6435:  Flag byte = 192  Character = 54  Packet length = 117
  Dynamic packing variable = 12
  TFM width = 524290  dx = 2752512 
  Height = 58  Width = 35  X-offset = -3  Y-offset = 55
  (18)8(24)13(20)17(17)7(7)5(14)7(12)3(12)6(12)5(11)6(12)7(9)6(12)8(8)[1]6(13) 
  8(7)6(14)8(6)7(15)6(7)6(17)4(7)[1]7(27)[2]7(27)8(27)7(28)7(7)7(14)7(5)12(10) 
  8(3)4(6)6(8)8(2)3(10)5(7)8(1)3(12)5(6)8(1)2(13)6(5)11(14)6(4)[1]10(16)6(3)9 
  (17)7(2)9(17)8(1)[1]9(18)7(1)[4]8(19)8[4](1)7(19)8(2)7(18)8[1](2)7(18)7(4)6 
  (18)7(4)6(17)7(5)7(16)7(6)6(16)6(8)6(14)7(8)6(13)7(10)6(12)6(12)6(10)6(14)7 
  (6)7(17)16(20)13(25)8(13) 
6552:  Flag byte = 176  Character = 55  Packet length = 82
  Dynamic packing variable = 11
  TFM width = 524290  dx = 2752512 
  Height = 59  Width = 35  X-offset = -5  Y-offset = 56
  (2)2(33)3(32)5(30)[2]33(2)32(2)33(2)32(3)31(4)3(25)2(5)2(25)3(5)2(24)3(6)2 
  (24)2(6)3(23)3(6)2(23)3(7)2(22)3(8)2(22)2(32)3(31)3(32)2(32)3(31)3(32)2(32)3 
  (31)[1]3(31)[1]3(31)4(30)[1]4(30)[1]5(30)4(30)[1]5(29)[2]6(28)[2]6(28)[4]7 
  (27)[8]8(28)6(30)4(20) 
6634:  Flag byte = 192  Character = 56  Packet length = 132
  Dynamic packing variable = 12
  TFM width = 524290  dx = 2752512 
  Height = 58  Width = 35  X-offset = -3  Y-offset = 55
  (14)7(25)13(20)17(17)6(7)7(14)4(12)6(12)4(14)6(10)4(16)5(10)3(18)5(8)4(19)4 
  (8)3(20)5(6)[2]4(21)4(6)[1]5(20)4(6)6(19)4(6)6(18)5(6)8(16)4(8)8(14)5(8)10 
  (12)4(9)11(10)4(11)12(7)4(12)13(5)4(14)14(2)4(16)17(19)15(22)14(22)15(20)16 
  (17)20(14)4(4)14(11)5(6)14(9)4(10)13(7)4(12)13(5)5(14)11(4)5(16)11(3)4(19)9 
  (2)5(20)8(2)4(23)12(24)10(25)10[1](26)9[2](27)9(26)3(2)4(26)3(2)4(25)4(2)5 
  (24)3(4)5(22)3(6)5(20)4(7)5(18)4(9)6(14)5(11)7(9)6(15)19(18)15(23)9(13) 
6766:  Flag byte = 192  Character = 57  Packet length = 113
  Dynamic packing variable = 12
  TFM width = 524290  dx = 2752512 
  Height = 58  Width = 35  X-offset = -3  Y-offset = 55
  (14)7(25)13(20)17(17)6(7)6(14)7(9)6(12)7(11)6(10)7(13)6(9)6(15)6(7)7(15)6(6) 
  [1]7(17)6(4)8(17)7(3)[1]7(18)7(2)[5]8(19)7(1)[4]8(19)8[1](1)7(18)9(1)8(17)9 
  (2)7(17)9[1](3)6(16)10(4)6(14)11(5)6(12)3(1)8(6)5(12)2(2)8(7)5(10)3(2)8(8)6 
  (6)4(3)8(10)12(5)7(14)7(7)7(28)7(27)8(27)[2]7(28)6(28)7(7)4(17)6(7)6(16)6(6) 
  [1]8(14)6(7)8(13)6(8)8(12)6(9)7(12)6(11)5(12)6(12)3(13)6(14)5(8)7(16)17(20) 
  13(25)8(17) 
6879:  Flag byte = 192  Character = 36  Packet length = 151
  Dynamic packing variable = 12
  TFM width = 524290  dx = 2752512 
  Height = 67  Width = 31  X-offset = -5  Y-offset = 61
  (14)[2]3(26)8(20)14(15)18(12)6(2)3(3)6(10)5(4)3(6)4(8)5(5)3(7)4(6)5(6)3(9)3 
  (4)5(7)3(9)3(4)4(8)3(10)3(2)5(8)3(11)2(2)5(8)3(11)3(1)4(9)3(9)10(9)3(7)12[3] 
  (9)3(6)14(8)3(7)6(1)6(8)3(8)4(2)7(7)3(14)8(6)3(15)7(6)3(15)9(4)3(15)10(3)3 
  (16)15(17)15(16)18(14)19(13)20(13)19(13)19(14)18(17)14(17)3(1)11(16)3(3)9 
  (16)3(5)8(15)[1]3(6)7(15)3(7)7(14)3(8)6(2)4(8)3(8)14(6)3(8)14[3](6)3(9)12(7) 
  3(9)10(9)3(9)4(1)3(11)3(8)5(2)2(11)3(8)5(2)3(10)3(8)4(3)3(10)3(7)5(4)3(9)3 
  (7)4(5)4(8)3(6)5(6)4(7)3(5)5(8)4(6)3(4)5(10)6(3)3(2)6(13)16(16)14(20)8(26) 
  [3]3(14) 
7030:  Flag byte = 176  Character = 38  Packet length = 212
  Dynamic packing variable = 11
  TFM width = 815562  dx = 4259840 
  Height = 62  Width = 57  X-offset = -3  Y-offset = 59
  (19)5(50)9(46)5(4)3(44)4(7)2(43)5(7)3(41)5(9)2(40)5(10)3(39)[1]5(11)2(38)[1] 
  6(11)2(38)5(12)2(38)6(11)2(38)6(10)3(38)[1]6(10)2(39)6(9)3(39)6(8)3(40)6(8)2 
  (41)6(7)3(42)6(5)3(43)6(5)2(44)6(4)3(44)6(3)3(45)7(1)3(17)18(12)9(18)18(12)8 
  (19)18(12)7(23)11(17)6(25)6(20)7(24)5(21)7(25)3(22)8(23)3(22)9(23)2(22)3(1)7 
  (21)3(21)3(2)7(21)2(21)3(4)7(19)3(20)3(5)7(19)2(20)3(7)7(17)3(19)3(8)7(16)3 
  (19)4(9)7(15)2(19)4(10)8(13)3(18)5(11)7(13)2(18)6(12)7(11)3(18)5(13)8(9)3 
  (18)6(14)8(8)2(19)6(15)7(7)3(18)7(15)8(5)3(19)7(16)8(3)3(20)7(17)7(3)3(20)7 
  (18)7(1)3(21)8(17)10(19)2(1)8(18)8(20)2(1)8(19)8(19)2(2)8(19)8(17)3(2)8(19)9 
  (16)2(4)8(17)11(14)3(4)9(14)4(2)8(12)3(6)9(11)5(5)7(10)4(8)8(7)7(7)8(6)5(10) 
  19(11)16(13)15(15)12(18)9(21)7(9) 
7242:  Flag byte = 192  Character = 63  Packet length = 73
  Dynamic packing variable = 12
  TFM width = 495163  dx = 2555904 
  Height = 59  Width = 30  X-offset = -4  Y-offset = 58
  (10)9(18)16(12)5(8)7(9)3(13)6(6)4(15)7(4)2(18)6(3)3(18)7(2)5(17)6(1)7(16)15 
  [3](15)7(1)6(16)7(2)4(16)7(23)7(22)[1]7(22)7(22)6(23)6(23)6(24)5(24)5(24)5 
  (25)4(25)4(26)[1]3(26)[2]3(27)[9]2(267)3(25)7(22)[4]9(22)7(25)3(15) 
7315:  Flag byte = 192  Character = 62  Packet length = 74
  Dynamic packing variable = 12
  TFM width = 495163  dx = 2555904 
  Height = 59  Width = 30  X-offset = -4  Y-offset = 41
  (12)3(25)7(22)[4]9(22)7(25)3(268)[3]2(27)3(27)[5]2(27)[2]3(26)[1]3(26)4(25) 
  [1]4(25)5(24)5(24)6(23)6(23)6(23)7(22)[1]7(22)7(17)4(2)7(16)6(1)[3]7(15)15 
  (16)14(17)5(2)6(19)3(2)7(17)3(4)6(16)3(6)6(13)4(8)6(9)5(12)16(17)10(11) 
7389:  Flag byte = 192  Character = 16  Packet length = 21
  Dynamic packing variable = 12
  TFM width = 291272  dx = 1507328 
  Height = 37  Width = 18  X-offset = -2  Y-offset = 36
  (6)6(6)[2]12(11)7(12)[27]6(11)8(5)54 
7410:  Flag byte = 192  Character = 17  Packet length = 39
  Dynamic packing variable = 12
  TFM width = 320400  dx = 1638400 
  Height = 54  Width = 21  X-offset = 4  Y-offset = 36
  (15)6[2](8)13(13)8[37](15)6(2)4(9)6(1)6(8)14(7)5(1)[1]8(6)6(1)8(6)5(2)7(6)5 
  (4)5(7)5(5)4(6)4(9)11(12)7(8) 
7449:  Flag byte = 192  Character = 25  Packet length = 112
  Dynamic packing variable = 12
  TFM width = 524291  dx = 2752512 
  Height = 60  Width = 37  X-offset = -2  Y-offset = 58
  (16)8(26)13(22)6(5)6(19)6(8)6(16)6(10)6(14)6(11)7(12)[1]6(13)7(10)6(15)6(10) 
  [6]6(15)7(9)[1]6(14)7(10)6(13)7(11)6(13)6(12)6(12)6(13)6(11)6(14)6(9)6(10) 
  [1]12(5)8(12)12(9)6(16)6(11)5(15)6(12)6(13)6(13)6(12)6(14)6(11)6(14)7(10)6 
  (15)6(10)[1]6(16)6(9)6(16)7(8)6(17)6(8)[2]6(17)7(7)[9]6(18)7(6)6(18)6(7)6(4) 
  4(9)7(7)6(3)6(8)7(7)6(3)6(8)6(8)[1]6(3)6(7)6(8)7(3)5(7)6(4)12(4)3(7)6(5)12 
  (5)3(5)5(7)12(6)10(29)6(11) 
7561:  Flag byte = 192  Character = 26  Packet length = 135
  Dynamic packing variable = 12
  TFM width = 757307  dx = 3932160 
  Height = 39  Width = 54  X-offset = -3  Y-offset = 37
  (11)8(18)7(18)14(12)12(14)5(7)6(8)5(6)5(11)3(12)5(6)5(8)5(9)5(12)6(3)5(10)5 
  (7)7(12)6(1)5(11)6(6)8(11)11(13)6(5)8(12)9(14)6(5)8(12)9(15)6(4)8(13)8(15)6 
  (5)6(14)7(16)6(6)4(15)7(16)6(25)7(17)6[3](24)6(18)6(18)36(13)41(10)10(4)6 
  (31)8(9)6(29)8(11)6(28)7(13)6(27)7(14)6(26)7(15)6(25)8(16)6(24)7(17)6(23)8 
  (17)6(23)7(18)6(21)9(18)7(20)9(17)8(19)10(17)9(18)2(1)7(16)11(16)3(2)7(14)5 
  (2)5(15)3(3)8(12)5(4)5(13)3(5)8(10)5(6)5(11)3(8)7(7)5(10)5(7)4(11)15(14)12 
  (16)9(20)7(9) 
7696:  Flag byte = 192  Character = 27  Packet length = 134
  Dynamic packing variable = 12
  TFM width = 815562  dx = 4259840 
  Height = 39  Width = 60  X-offset = -2  Y-offset = 37
  (14)7(21)7(22)13(16)12(17)6(6)5(12)5(5)6(14)5(10)5(8)5(9)5(11)6(12)5(6)5(11) 
  5(9)6(14)5(4)5(12)6(7)6(16)5(2)5(14)6(6)5(17)5(1)6(14)6(5)6(18)10(16)6(3)7 
  (18)10(16)6(3)6(20)8(17)6(2)7(20)8(17)6(2)7(20)8(18)6(1)6(21)8(18)13[2](22)6 
  (19)13[1](22)38[5](22)6(26)6(21)8(25)[1]7(20)8(26)6(20)9(21)2(2)7(18)10(21)2 
  (3)6(18)10(20)3(4)6(16)5(2)5(19)2(5)6(16)5(2)6(17)3(6)6(14)5(4)6(15)3(8)6 
  (12)5(6)6(13)3(11)5(10)5(9)5(11)3(13)6(6)5(12)6(6)5(16)13(16)13(21)7(22)7 
  (10) 
7830:  Flag byte = 176  Character = 28  Packet length = 146
  Dynamic packing variable = 11
  TFM width = 524290  dx = 2752512 
  Height = 52  Width = 35  X-offset = -3  Y-offset = 43
  (31)2(32)2(32)3(32)2(32)3(32)2(19)7(6)3(16)13(3)2(15)5(7)7(15)4(11)5(13)5 
  (13)5(12)4(14)5(11)4(15)6(9)4(15)3(1)4(7)5(15)2(2)5(6)4(15)3(3)4(5)5(15)2(4) 
  5(4)5(14)2(5)5(3)6(14)2(5)6(2)5(14)2(7)5(2)5(13)3(7)5(1)6(13)2(8)12(12)3(8) 
  12(12)2(9)12[1](11)2(10)12[1](10)2(11)12(9)2(12)12(8)3(12)12(8)2(13)6(1)5(7) 
  3(13)5(2)5(7)2(14)5(2)6(5)2(14)6(3)5(5)2(14)5(4)5(4)2(15)5(5)5(2)3(14)5(7)4 
  (2)2(15)4(8)8(14)5(9)6(14)5(11)5(13)5(13)5(11)5(14)7(7)5(16)2(2)13(17)2(5)9 
  (18)3(32)2(32)3(32)2(32)3(32)2(32)2(31) 
7976:  Flag byte = 176  Character = 29  Packet length = 191
  Dynamic packing variable = 11
  TFM width = 946634  dx = 4915200 
  Height = 57  Width = 69  X-offset = -3  Y-offset = 56
  (18)[2]46(30)2(2)10(16)9(30)2(4)7(20)6(29)3(4)7(22)5(28)[1]2(5)7(23)4(27)[1] 
  2(6)7(24)3(27)2(6)7(25)2(26)[2]2(7)7(25)2(25)2(8)7(25)3(24)2(8)7(26)2(23)3 
  (8)7(26)2(23)2(9)7(26)2(23)2(9)7(15)2(9)2(22)3(9)7(15)2(33)[1]2(10)7(15)2 
  (32)[1]2(11)7(15)2(32)2(11)7(14)3(31)2(12)7(14)3(31)2(12)7(13)4(31)2(12)7 
  (11)6(30)[1]39(29)40(29)2(14)7(11)6(29)2(14)7(13)4(28)3(14)7(14)3(28)2(15)7 
  (14)3(28)2(15)7(15)2(12)2[2](13)2(16)7(15)2(12)2[1](12)2(17)7(15)2(11)2(13)2 
  (17)7(28)2(12)[1]2(18)7(28)2(11)3(18)7(27)3(11)2(19)7(27)3(11)2(19)7(27)2 
  (11)3(19)7(26)3(11)2(20)7(26)3(11)2(20)7(25)4(10)3(20)7(24)5(9)4(20)7(23)6 
  (8)6(19)7(21)8(6)10(16)9(17)10(3)[2]17(8)41(3) 
8167:  Flag byte = 192  Character = 30  Packet length = 216
  Dynamic packing variable = 12
  TFM width = 1063142  dx = 5505024 
  Height = 61  Width = 75  X-offset = -6  Y-offset = 58
  (22)9(63)16(56)7(8)39(19)7(12)37(18)6(15)36(17)6(16)10(17)9(15)7(18)8(21)6 
  (14)7(19)8(22)6(12)7(20)8(24)4(11)8(20)8(24)4(11)7(22)7(25)3(10)7(23)7(25)3 
  (9)8(23)7(26)2(9)7(24)7(26)2(8)8(24)7(26)2(8)7(25)7(26)2(7)8(25)7(26)3(6)8 
  (25)7(27)2(5)[2]8(26)7(18)2(7)2(4)[1]9(26)7(18)2(13)8(27)7(18)2(13)8(27)7 
  (17)3(12)9(27)7(17)3(12)9(27)7(16)4(12)9(27)7(13)7(12)[2]9(27)27(12)9(27)7 
  (13)7(12)9(27)7(16)4(12)[1]9(27)7(17)3(12)[1]9(27)7(18)2(13)[2]9(26)7(18)2 
  (10)2(1)9(26)7(18)2(9)3[2](2)9(25)7(29)2(4)8(25)7(29)2(4)9(24)7(29)2(5)8(24) 
  7(28)3(5)9(23)7(28)3(6)8(23)7(28)2(8)8(22)7(27)3(9)7(22)7(27)3(9)8(20)8(26)4 
  (10)8(19)8(25)5(11)8(18)8(24)6(12)7(18)8(22)8(13)7(16)10(18)10(16)7(14)38 
  (17)7(12)39(19)8(7)41(22)16(62)9(44) 
8383:  Flag byte = 192  Character = 31  Packet length = 233
  Dynamic packing variable = 12
  TFM width = 815562  dx = 4259840 
  Height = 65  Width = 54  X-offset = -5  Y-offset = 60
  (46)3(51)2(28)10(13)3(25)16(10)2(23)7(8)7(6)2(23)5(14)5(4)3(21)5(18)5(2)2 
  (21)5(20)7(20)6(22)6(19)6(24)6(17)6(26)6(15)6(26)8(14)5(27)2(1)5(13)6(26)2 
  (2)6(11)6(26)3(3)6(10)6(26)2(4)6(9)6(26)3(5)6(8)6(26)2(6)6(7)7(25)2(7)7(6)6 
  (25)3(8)6(5)7(25)2(9)7(4)7(24)2(10)7(4)7(23)3(10)7(3)8(23)2(11)8(2)7(23)2 
  (13)7(2)7(22)3(13)7(2)7(22)2(14)7(1)8(21)2(15)16(20)3(15)16(20)2(16)16(19)2 
  (17)16(18)3(17)16(18)2(18)16(17)3(18)16(17)2(19)16(16)2(20)16(15)3(20)16(15) 
  2(21)16(14)2(22)8(1)7(13)3(22)7(2)7(13)2(23)7(2)8(11)2(23)8(2)8(10)3(23)8(3) 
  7(10)2(24)7(4)7(9)2(25)7(5)6(8)3(25)6(6)7(7)2(25)7(6)7(6)2(26)7(7)6(5)3(26)6 
  (9)6(4)2(26)6(10)6(3)3(26)6(11)6(2)2(26)6(13)5(1)2(27)5(14)8(26)6(15)6(26)6 
  (17)6(24)6(19)6(22)6(20)7(20)6(20)2(2)5(18)5(21)3(3)6(14)6(22)2(6)7(8)7(23)2 
  (10)16(25)3(13)10(28)2(51)3(46) 
8616:  Flag byte = 160  Character = 33  Packet length = 28
  Dynamic packing variable = 10
  TFM width = 291272  dx = 1507328 
  Height = 60  Width = 9  X-offset = -7  Y-offset = 59
  (3)3(4)7(1)72[10](1)7(3)[10]5(5)[10]3(78)3(4)7(1)45(1)7(4)3(3) 
8644:  Flag byte = 160  Character = 60  Packet length = 28
  Dynamic packing variable = 10
  TFM width = 291272  dx = 1507328 
  Height = 60  Width = 9  X-offset = -7  Y-offset = 41
  (3)3(4)7(1)45(1)7(4)3(78)[10]3(5)[10]5(3)[10]7(1)72(1)7(4)3(3) 
8672:  Flag byte = 96  Character = 35  Packet length = 138
  Dynamic packing variable = 6
  TFM width = 873816  dx = 4521984 
  Height = 74  Width = 58  X-offset = -5  Y-offset = 57
  (28)2(16)2(37)[1]4(14)4(35)[1]5(13)5(35)[1]4(14)4(35)[1]5(13)5(35)[2]4(14)4 
  (35)[1]5(13)5(35)[1]4(14)4(35)[1]5(13)5(35)[1]4(14)4(35)[1]5(13)5(35)[2]4 
  (14)4(35)5(13)5(15)56(1)116(1)56(20)5(13)5(35)[2]4(14)4(35)[1]5(13)5(35)[1]4 
  (14)4(35)[1]5(13)5(35)[2]4(14)4(35)5(13)5(20)56(1)116(1)56(15)5(13)5(35)[2]4 
  (14)4(35)[1]5(13)5(35)[1]4(14)4(35)[1]5(13)5(35)[1]4(14)4(35)[1]5(13)5(35) 
  [2]4(14)4(35)[1]5(13)5(35)[1]4(14)4(35)[1]5(13)5(35)[1]4(14)4(37)2(16)2(28) 
8810:  Flag byte = 193  Character = 37  Packet length = 274
  Dynamic packing variable = 12
  TFM width = 873816  dx = 4521984 
  Height = 67  Width = 58  X-offset = -5  Y-offset = 61
  (9)5(35)2(14)9(32)4(11)5(4)3(30)5(10)5(6)3(28)6(10)4(8)3(26)6(10)4(10)4(23)6 
  (10)5(11)4(21)7(10)4(12)6(17)8(10)5(13)2(1)5(11)10(11)5(13)2(3)17(1)6(11)4 
  (14)2(6)11(4)5(11)5(14)3(19)5(12)5(15)2(18)6(12)5(15)2(18)5(13)5(15)2(17)5 
  (14)5(15)2(16)6(14)5(15)2(16)5(15)5(15)2(15)5(16)5(15)2(14)6(16)5(15)2(14)5 
  (17)5(15)2(13)5(18)5(14)3(12)6(19)4(14)2(13)5(20)5(13)2(12)5(21)5(13)2(11)6 
  (22)4(12)3(11)5(23)5(11)2(11)5(25)4(10)3(10)6(26)4(8)3(11)5(27)5(6)3(11)5 
  (29)5(4)3(11)6(31)9(12)5(34)5(13)5(52)6(13)5(34)5(12)9(31)5(12)4(4)3(29)6 
  (10)5(6)3(28)5(11)4(8)3(26)5(11)4(10)2(25)6(10)5(10)3(24)5(11)4(12)2(23)5 
  (11)5(12)3(21)6(11)5(13)2(21)5(12)5(13)2(20)5(13)4(14)3(18)6(12)5(15)2(18)5 
  (13)5(15)2(17)5(14)5(15)2(16)6(14)5(15)2(16)5(15)5(15)2(15)5(16)5(15)2(14)6 
  (16)5(15)2(14)5(17)5(15)2(13)5(18)5(15)2(12)6(18)5(15)2(12)5(20)4(14)3(11)5 
  (21)5(13)2(11)6(21)5(13)2(11)5(22)5(12)3(10)5(24)4(12)2(10)6(24)5(10)3(10)5 
  (26)4(10)2(10)5(28)4(8)3(9)6(28)5(6)3(10)5(31)4(4)3(11)4(33)9(13)2(36)5(8) 
9084:  Flag byte = 176  Character = 39  Packet length = 33
  Dynamic packing variable = 11
  TFM width = 291272  dx = 1507328 
  Height = 25  Width = 10  X-offset = -7  Y-offset = 57
  (3)3(5)7(2)[1]9(1)30(1)9(3)3(2)2[3](8)2(7)3[1](7)2(7)3(7)2(7)3(7)2(7)3(6)3 
  (6)3(6)3(7)2(7) 
9117:  Flag byte = 192  Character = 40  Packet length = 83
  Dynamic packing variable = 12
  TFM width = 407781  dx = 2097152 
  Height = 82  Width = 19  X-offset = -8  Y-offset = 61
  (17)2(16)3(15)3(15)3(15)3(15)3(15)4(14)4(14)[1]4(14)4(14)[1]4(14)[1]4(14)5 
  (14)4(14)5(14)[1]4(14)5(14)[1]4(14)[2]5(13)[5]5(13)[17]5(15)[5]5(15)[2]5(15) 
  [1]4(15)5(15)[1]4(15)5(15)4(15)5(15)[1]4(16)[1]4(16)4(16)[1]4(16)4(16)4(16)3 
  (17)3(17)3(17)3(17)3(17)2 
9200:  Flag byte = 200  Character = 41  Packet length = 83
  Dynamic packing variable = 12
  TFM width = 407781  dx = 2097152 
  Height = 82  Width = 19  X-offset = -4  Y-offset = 61
  2(17)3(17)3(17)3(17)3(17)3(16)4(16)4(16)[1]4(16)4(16)[1]4(16)[1]4(15)5(15)4 
  (15)5(15)[1]4(15)5(15)[1]4(15)[2]5(15)[5]5(15)[17]5[5](13)5(13)[2]5(14)[1]4 
  (14)5(14)[1]4(14)5(14)4(14)5(14)[1]4(14)[1]4(14)4(14)[1]4(14)4(14)4(15)3(15) 
  3(15)3(15)3(15)3(16)2(17) 
9283:  Flag byte = 192  Character = 42  Packet length = 71
  Dynamic packing variable = 12
  TFM width = 524290  dx = 2752512 
  Height = 36  Width = 31  X-offset = -5  Y-offset = 61
  (14)3(27)[6]5(14)4(9)3(9)4(1)6(8)3(8)13(7)3(7)7(1)8(5)3(5)8(3)8(4)3(4)8(6)7 
  (3)3(3)7(10)7(1)3(1)7(14)15(18)11(22)[1]7(22)11(18)15(14)7(1)3(1)7(10)7(3)3 
  (3)7(6)8(4)3(4)8(3)8(5)3(5)8(1)7(7)3(7)13(8)3(8)6(1)4(9)3(9)4(14)[6]5(27)3 
  (14) 
9354:  Flag byte = 96  Character = 43  Packet length = 26
  Dynamic packing variable = 6
  TFM width = 815562  dx = 4259840 
  Height = 54  Width = 54  X-offset = -5  Y-offset = 47
  (26)2(51)[23]4(26)52(1)108(1)52(26)[23]4(51)2(26) 
9380:  Flag byte = 176  Character = 44  Packet length = 33
  Dynamic packing variable = 11
  TFM width = 291272  dx = 1507328 
  Height = 25  Width = 10  X-offset = -7  Y-offset = 8
  (3)3(5)7(2)[1]9(1)30(1)9(3)3(2)2[3](8)2(7)3[1](7)2(7)3(7)2(7)3(7)2(7)3(6)3 
  (6)3(6)3(7)2(7) 
9413:  Flag byte = 160  Character = 46  Packet length = 17
  Dynamic packing variable = 10
  TFM width = 291272  dx = 1507328 
  Height = 9  Width = 9  X-offset = -7  Y-offset = 8
  (3)3(4)7(1)45(1)7(4)3(3) 
9430:  Flag byte = 192  Character = 47  Packet length = 110
  Dynamic packing variable = 12
  TFM width = 524290  dx = 2752512 
  Height = 83  Width = 31  X-offset = -5  Y-offset = 61
  (28)2(28)4[1](26)5(26)4(26)[1]5(26)4(26)[1]5(26)4(26)[1]5(26)4(26)[1]5(26)4 
  (26)[1]5(26)4(26)[1]5(26)4(26)[1]5(26)4(26)[1]5(26)4(26)[1]5(26)4(26)[1]5 
  (26)4(26)[1]5(26)4(26)[1]5(25)[1]5(26)4(26)[1]5(26)4(26)[1]5(26)4(26)[1]5 
  (26)4(26)[1]5(26)4(26)[1]5(26)4(26)[1]5(26)4(26)[1]5(26)4(26)[1]5(26)4(26) 
  [1]5(26)4(26)[1]5(26)4(26)[1]5(26)4(26)[1]5(26)4(26)[1]5(26)4(28)2(28) 
9540:  Flag byte = 160  Character = 58  Packet length = 24
  Dynamic packing variable = 10
  TFM width = 291272  dx = 1507328 
  Height = 36  Width = 9  X-offset = -7  Y-offset = 35
  (3)3(4)7(1)45(1)7(4)3(168)3(4)7(1)45(1)7(4)3(3) 
9564:  Flag byte = 160  Character = 59  Packet length = 39
  Dynamic packing variable = 10
  TFM width = 291272  dx = 1507328 
  Height = 52  Width = 9  X-offset = -7  Y-offset = 35
  (3)3(4)7(1)45(1)7(4)3(168)3(4)7(1)8(1)36(1)8(3)3(1)2[3](7)2(6)3[1](6)2(6)3 
  (6)[1]2(6)3(5)3(6)2(6)3(5)3(6)2(6) 
9603:  Flag byte = 96  Character = 61  Packet length = 23
  Dynamic packing variable = 6
  TFM width = 815562  dx = 4259840 
  Height = 22  Width = 54  X-offset = -5  Y-offset = 31
  (1)52(1)108(1)52(758)52(1)108(1)52(1) 
9626:  Flag byte = 176  Character = 64  Packet length = 188
  Dynamic packing variable = 11
  TFM width = 815562  dx = 4259840 
  Height = 60  Width = 54  X-offset = -5  Y-offset = 58
  (22)10(41)16(35)6(10)6(31)4(16)4(28)4(20)4(24)4(24)4(21)3(28)3(19)3(30)3(17) 
  3(32)3(15)3(34)3(13)3(36)3(12)2(38)2(11)3(15)7(16)3(9)3(14)11(15)3(8)2(13)5 
  (6)4(14)2(7)3(11)6(9)3(13)3(6)2(11)6(11)3(13)2(5)3(10)6(13)3(12)3(4)2(11)5 
  (15)3(12)2(4)2(10)6(16)7(7)2(3)3(9)6(18)6(7)3(2)2(10)6(18)6(8)2(2)[1]2(9)6 
  (19)6(8)2(1)3(9)6(19)6(8)5[9](9)6(20)6(9)5(9)6(19)6(9)2[1](1)2(9)6(19)6(9)2 
  (1)2(10)6(18)6(8)3(1)3(9)6(18)6(8)2(3)2(10)6(16)7(8)2(3)2(11)5(15)8(8)2(3)3 
  (10)6(13)9(7)3(4)2(11)6(11)3(1)6(7)2(5)3(11)6(9)3(3)6(5)3(6)2(13)5(6)4(5)5 
  (4)3(7)3(14)11(8)10(9)3(15)7(12)6(12)2(52)3(52)3(52)3(52)3(52)3(36)5(11)4 
  (31)8(13)4(26)9(17)4(21)9(21)6(12)12(27)22(35)13(19) 
9814:  Flag byte = 168  Character = 91  Packet length = 16
  Dynamic packing variable = 10
  TFM width = 291272  dx = 1507328 
  Height = 83  Width = 13  X-offset = -8  Y-offset = 61
  56[74](9)52 
9830:  Flag byte = 168  Character = 93  Packet length = 16
  Dynamic packing variable = 10
  TFM width = 291272  dx = 1507328 
  Height = 83  Width = 13  X-offset = -1  Y-offset = 61
  52[74](9)56 
9846:  Flag byte = 176  Character = 96  Packet length = 33
  Dynamic packing variable = 11
  TFM width = 291272  dx = 1507328 
  Height = 25  Width = 10  X-offset = -6  Y-offset = 57
  (7)2(7)3(6)3(6)3(6)3(7)2(7)3(7)2(7)3(7)[1]2(7)3(7)[3]2(8)2(2)3(3)9(1)30[1] 
  (1)9(2)7(5)3(3) 
9879:  Flag byte = 208  Character = 18  Packet length = 26
  Dynamic packing variable = 13
  TFM width = 524290  dx = 2752512 
  Height = 15  Width = 15  X-offset = -9  Y-offset = 57
  (1)4(10)[1]6(9)7(8)8(8)8(9)6(10)6(10)6(10)6(11)4(12)4(12)4(12)4(13)2 
9905:  Flag byte = 208  Character = 19  Packet length = 26
  Dynamic packing variable = 13
  TFM width = 524290  dx = 2752512 
  Height = 15  Width = 15  X-offset = -17  Y-offset = 57
  (10)4(10)[1]6(8)7(7)8(6)8(7)6(8)6(8)6(8)6(9)4(10)4(10)4(10)4(11)2(13) 
9931:  Flag byte = 200  Character = 20  Packet length = 28
  Dynamic packing variable = 12
  TFM width = 524290  dx = 2752512 
  Height = 10  Width = 21  X-offset = -10  Y-offset = 52
  1(19)4(15)8(11)5(2)5(7)5(5)5(5)5(7)6(1)6(10)9(13)7(15)5(18)1(10) 
9959:  Flag byte = 200  Character = 21  Packet length = 35
  Dynamic packing variable = 12
  TFM width = 524290  dx = 2752512 
  Height = 14  Width = 25  X-offset = -8  Y-offset = 57
  [2]2(21)5(19)3[1](1)2(19)2(2)3(17)3(3)3(15)3(5)3(13)3(6)4(11)4(7)5(7)5(9)15 
  (12)11(16)7(9) 
9994:  Flag byte = 136  Character = 22  Packet length = 12
  Dynamic packing variable = 8
  TFM width = 524290  dx = 2752512 
  Height = 3  Width = 29  X-offset = -6  Y-offset = 48
  87 
10006:  Flag byte = 208  Character = 23  Packet length = 28
  Dynamic packing variable = 13
  TFM width = 786434  dx = 4063232 
  Height = 15  Width = 15  X-offset = -23  Y-offset = 59
  (5)5(8)9(5)3(5)3(3)[1]2(9)2(1)[4]2(11)2[1](1)2(9)2(3)3(5)3(5)9(8)5(5) 
10034:  Flag byte = 208  Character = 24  Packet length = 27
  Dynamic packing variable = 13
  TFM width = 466035  dx = 2424832 
  Height = 15  Width = 19  X-offset = -11  Y-offset = -3
  (6)[2]6(13)9(14)7(13)7(13)7[2](13)6(12)7(11)7(9)9(2)15(4)11(8) 
10061:  Flag byte = 192  Character = 32  Packet length = 24
  Dynamic packing variable = 12
  TFM width = 291272  dx = 1507328 
  Height = 10  Width = 18  X-offset = -2  Y-offset = 32
  (17)1(14)4(11)7(9)9(6)9(6)9(6)9(9)6(12)4(14)1(17) 
10085:  Flag byte = 192  Character = 94  Packet length = 37
  Dynamic packing variable = 12
  TFM width = 524290  dx = 2752512 
  Height = 13  Width = 23  X-offset = -9  Y-offset = 57
  (11)1(21)3(19)5(17)7(15)9(13)4(3)4(11)4(5)4(9)4(7)4(7)4(9)4(5)4(11)4(3)3(15) 
  3(1)3(17)3(1)1(19)1(1) 
10122:  Flag byte = 208  Character = 95  Packet length = 20
  Dynamic packing variable = 13
  TFM width = 291272  dx = 1507328 
  Height = 9  Width = 10  X-offset = -6  Y-offset = 55
  (3)4(5)6(3)[1]8(1)10[1](1)8(3)6(5)4(3) 
10142:  Flag byte = 208  Character = 125  Packet length = 36
  Dynamic packing variable = 13
  TFM width = 524290  dx = 2752512 
  Height = 15  Width = 23  X-offset = -11  Y-offset = 57
  (4)4(10)4(4)[2]6(8)6(2)7(7)7(2)6(8)6(3)[1]5(9)5(3)5(9)5(4)4(10)4(5)3(11)3(5) 
  4(10)4(5)3(11)3(6)[1]2(12)2(7) 
10178:  Flag byte = 192  Character = 126  Packet length = 30
  Dynamic packing variable = 12
  TFM width = 524290  dx = 2752512 
  Height = 8  Width = 27  X-offset = -7  Y-offset = 54
  (7)4(14)1(6)8(11)3(4)11(8)3(4)14(4)4(4)4(4)14(4)3(8)11(4)3(11)8(6)1(14)4(7) 
10208:  Flag byte = 208  Character = 127  Packet length = 23
  Dynamic packing variable = 13
  TFM width = 524290  dx = 2752512 
  Height = 9  Width = 25  X-offset = -8  Y-offset = 55
  (3)3(13)3(4)7(9)7(1)[4]9(7)9(1)7(9)7(4)3(13)3(3) 
10231:  Flag byte = 192  Character = 11  Packet length = 67
  Dynamic packing variable = 12
  TFM width = 611672  dx = 3145728 
  Height = 59  Width = 51  X-offset = -1  Y-offset = 58
  (20)9(11)6(22)15(5)11(18)6(8)5(1)6(5)4(14)6(12)9(4)6(12)6(12)10(4)8(10)6(12) 
  10(5)8(9)6(13)10(5)8(9)6(13)9(6)8(8)6(14)9(6)8(8)6(14)8(9)4(9)6(16)7(22)[11] 
  6(17)6(15)[2]45(13)[28]6(17)6(21)8(15)8(15)[2]18(5)20(7) 
10298:  Flag byte = 176  Character = 12  Packet length = 65
  Dynamic packing variable = 11
  TFM width = 582544  dx = 3014656 
  Height = 59  Width = 42  X-offset = -1  Y-offset = 58
  (20)9(30)14(26)6(8)4(22)6(12)3(19)6(15)3(17)6(13)6(16)[1]6(13)8(14)[1]6(14)8 
  (13)6(15)8(13)6(16)6(14)6(18)2(16)[8]6(36)6(17)6(6)[2]36(13)6(15)8(13)[27]6 
  (17)6(12)8(15)8(6)[2]18(5)18 
10363:  Flag byte = 192  Character = 13  Packet length = 54
  Dynamic packing variable = 12
  TFM width = 582544  dx = 3014656 
  Height = 59  Width = 42  X-offset = -1  Y-offset = 58
  (20)10(29)15(1)3(21)6(9)6(19)6(10)7(17)6(11)8(16)6(12)8(15)[1]6(13)8(14)6 
  (14)8(14)6(15)7(13)[12]6(17)6(6)[2]36(13)[28]6(17)6(12)8(15)8(6)[2]18(5)18 
10417:  Flag byte = 192  Character = 14  Packet length = 92
  Dynamic packing variable = 12
  TFM width = 873816  dx = 4521984 
  Height = 59  Width = 65  X-offset = -1  Y-offset = 58
  (20)8(15)9(30)14(9)14(26)6(7)5(5)6(8)4(22)6(12)3(2)6(12)3(19)6(15)8(15)3(17) 
  6(13)10(13)6(16)[1]6(13)10(13)8(14)[1]6(14)9(14)8(13)6(15)8(15)8(13)6(16)7 
  (16)6(14)6(17)6(18)2(16)[8]6(17)6(36)6(17)6(17)6(6)[2]59(13)6(17)6(15)8(13) 
  [27]6(17)6(17)6(12)8(15)8(15)8(6)[2]18(5)18(5)18 
10509:  Flag byte = 192  Character = 15  Packet length = 78
  Dynamic packing variable = 12
  TFM width = 873816  dx = 4521984 
  Height = 59  Width = 65  X-offset = -1  Y-offset = 58
  (20)9(14)10(29)15(8)15(1)3(21)6(8)4(5)6(9)6(19)6(12)3(2)6(10)7(17)6(12)11 
  (11)8(16)6(12)11(12)8(15)[1]6(13)10(13)8(14)6(14)9(14)8(14)6(14)9(15)7(13)6 
  (16)7(17)6(13)[11]6(17)6(17)6(6)[2]59(13)[28]6(17)6(17)6(12)8(15)8(15)8(6) 
  [2]18(5)18(5)18 
10587:  Flag byte = 208  Character = 34  Packet length = 58
  Dynamic packing variable = 13
  TFM width = 524290  dx = 2752512 
  Height = 25  Width = 26  X-offset = -3  Y-offset = 57
  (3)3(13)3(5)7(9)7(2)[1]9(7)9(1)[2]10(6)10(1)9(7)9(3)3(2)2(9)3(2)2[3](8)2(14) 
  2(7)3(13)3[1](7)2(14)2(7)3(13)3(7)2(14)2(7)3(13)3(7)2(14)2(7)3(13)3(6)3(13)3 
  (6)3(13)3(6)3(13)3(7)2(14)2(7) 
10645:  Flag byte = 104  Character = 45  Packet length = 12
  Dynamic packing variable = 6
  TFM width = 349526  dx = 1835008 
  Height = 5  Width = 22  X-offset = -1  Y-offset = 20
  110 
10657:  Flag byte = 208  Character = 92  Packet length = 58
  Dynamic packing variable = 13
  TFM width = 524290  dx = 2752512 
  Height = 25  Width = 26  X-offset = -12  Y-offset = 57
  (7)2(14)2(7)3(13)3(6)3(13)3(6)3(13)3(6)3(13)3(7)2(14)2(7)3(13)3(7)2(14)2(7)3 
  (13)3(7)[1]2(14)2(7)3(13)3(7)[3]2(14)2(8)2(2)3(9)2(2)3(3)9(7)9(1)[2]10(6)10 
  [1](1)9(7)9(2)7(9)7(5)3(13)3(3) 
10715:  Flag byte = 136  Character = 123  Packet length = 12
  Dynamic packing variable = 8
  TFM width = 524290  dx = 2752512 
  Height = 2  Width = 41  X-offset = 0  Y-offset = 22
  82 
10727:  Flag byte = 40  Character = 124  Packet length = 12
  Dynamic packing variable = 2
  TFM width = 1048579  dx = 5439488 
  Height = 2  Width = 82  X-offset = 0  Y-offset = 22
  164 
10739:  Special: 'fontid=CMR'
10751:  Special: 'codingscheme=TeX text'
10774:  Special: 'fontfacebyte'
10788:  Num special: 15335424
10793:  Special: 'jobname=cmr10'
10808:  Special: 'mag=1'
10815:  Special: 'mode=ljfour'
10828:  Special: 'pixels_per_inch=600'
10849:  Special: 'blacker=0.25'
10863:  Special: 'fillin=0'
10873:  Special: 'o_correction=1'
10889:  Postamble
10890:  No op
10891:  No op
10892 bytes read from packed file.
